13887.968500
 4433.915900
20984.093600
 4837.582300
 2156.751800
11326.714870
 2254.796700
12609.887020
 2643.268500
18218.161390
 4438.263400
40419.019100
 1242.816000
42112.235600
 3875.734100
52590.829390
13844.506000
 8413.463050
 6455.862650
11013.711900
11436.738150
 4185.097900
12629.165600
 8823.985750
19144.576520
 3554.203000
43813.866100
 1628.470900
12829.455100
12644.589000
12592.534500
10450.552000
21880.820000
11657.718900
11345.519000
 6360.993600
11363.283200
 4454.402650
45710.207850
 2741.948000
48885.135610
 1131.506600
 3176.815900
 7323.734819
 3500.612300
 6393.603450
16420.494550
 8428.069300
19442.353500
20773.627750
12479.708950
38998.546000
15817.985700
 8871.151700
 2727.395100
 8219.203900
 8556.907000
41919.097000
 2128.431050
 8606.217400
24667.419000
 1826.843000
10959.330000
 3732.625100
 7261.741000
 6710.191900
 6196.448000
 4433.387700
 2396.095900
12124.992400
42760.502200
 6746.742500
 2709.111900
10226.284200
 2789.057400
 6059.173000
11163.568000
 5458.046450
 3167.455850
17128.426080
 3208.787000
 6753.038000
 8125.784500
13770.097900
10461.979400
13063.883000
22395.744240
19673.335730
 8334.457550
36189.101700
10807.486300
10493.945800
 1824.285400
 8062.764000
13616.358600
41999.520000
13224.057050
43578.939400
 7209.491800
 5649.715000
10977.206300
 9724.530000
12957.118000
 8252.284300
12523.604800
 3366.669700
 5926.846000
 7985.815000
11729.679500
 1727.785000
 7537.163900
16796.411940
39047.285000
11833.782300
12347.172000
36124.573700
11674.130000
 4889.999500
 7443.643050
39727.614000
 4751.070000
 2566.470700
 8932.084000
13555.004900
38746.355100
 2730.107850
12224.350850
 4058.116100
13019.161050
21195.818000
11944.594350
 2136.882250
 7045.499000
 2974.126000
 6123.568800
10085.846000
 6356.270700
26109.329050
10579.711000
11090.717800
19350.368900
 1632.036250
28476.734990
11264.541000
 2201.097100
13352.099800
20167.336030
 7445.918000
10959.694700
 6748.591200
 9855.131400
25333.332840
10435.065250
10072.055050
12622.179500
12890.057650
 9264.797000
13822.803000
 2719.279750
11093.622900
12244.531000
 7325.048200
 8823.279000
 9095.068250
25309.489000
23887.662700
14007.222000
 9778.347200
 2020.552300
 2709.243950
 8283.680700
 4667.607650
 7623.518000
23244.790200
10736.870750
 9566.990900
 5312.169850
 1728.897000
24603.048370
37133.898200
 4766.022000
 9625.920000
 7640.309200
 4889.036800
 3577.999000
 2104.113400
 2464.618800
26125.674770
 6406.410700
 3757.844800
11743.934100
 8964.060550
 5002.782700
38245.593270
 5415.661200
 8534.671800
 2203.735950
 8310.839150
 4915.059850
 9748.910600
 5209.578850
 9644.252500
 4564.191450
 7418.522000
40003.332250
 1621.882700
 6877.980100
10594.225700
17178.682400
12044.342000
 9182.170000
 2102.264700
10965.446000
 1731.677000
 9101.798000
14256.192800
 7050.642000
 5253.524000
29523.165600
 9447.382400
 7358.175650
 3227.121100
11286.538700
10602.385000
 1632.564450
11554.223600
 9447.250350
 4762.329000
24393.622400
17081.080000
 7345.084000
12495.290850
17361.766100
 8605.361500
 1986.933400
24059.680190
 2897.323500
 7518.025350
 8765.249000
 3537.703000
11884.048580
13112.604800
 3161.454000
 2680.949300
16085.127500
 2913.569000
18963.171920
 9850.432000
 8410.046850
27117.993780
 9140.951000
 7749.156400
12475.351300
12404.879100
 4243.590050
25081.767840
11289.109250
 4428.887850
 1241.565000
37465.343750
17085.267600
14313.846300
 9301.893550
 2731.912200
 4058.712450
 1639.563100
35491.640000
18767.737700
 2302.300000
13451.122000
 6849.026000
 6571.544000
 1875.344000
42983.458500
12741.167450
 1694.796400
 3410.324000
39836.519000
 1622.188500
 6082.405000
 9174.135650
27322.733860
21797.000400
11070.535000
36197.699000
 9704.668050
20009.633650
 9288.026700
19798.054550
 8944.115100
 4134.082450
17748.506200
 6272.477200
 7337.748000
 3659.346000
 8965.795750
 9715.841000
15161.534400
48549.178350
 6858.479600
11576.130000
 6289.754900
 3866.855200
40103.890000
11881.969600
 4357.043650
19964.746300
15359.104500
21774.322150
40974.164900
 2480.979100
40273.645500
17352.680300
45863.205000
 8083.919800
 7789.635000
11566.300550
 4746.344000
 8068.185000
 9361.326800
 9391.346000
27000.984730
 3213.622050
 8733.229250
14319.031000
28468.919010
14254.608200
 4415.158800
 4883.866000
12231.613600
 1242.260000
34254.053350
 2352.968450
 5152.134000
29186.482360
46113.511000
 5910.944000
 6358.776450
 1877.929400
11073.176000
 5031.269550
11938.255950
 4795.656800
 2200.830850
21472.478800
 3857.759250
 4463.205100
13217.094500
16297.846000
 2130.675900
18033.967900
 5272.175800
15820.699000
40932.429500
 7954.517000
 9487.644200
12142.578600
 8538.288450
42211.138200
17878.900680
14410.932100
33732.686700
 8601.329300
 2362.229050
 6457.843400
 2457.211150
 4347.023350
23568.272000
10043.249000
33750.291800
 4719.524050
 5584.305700
 9144.565000
 4435.094200
21978.676900
13143.864850
42560.430400
 3206.491350
 1137.011000
36580.282160
20878.784430
 4237.126550
39241.442000
30063.580550
 6781.354200
11931.125250
32108.662820
10141.136200
 4340.440900
24915.220850
12643.377800
 9283.562000
14235.072000
 4032.240700
 5148.552600
 7133.902500
 5266.365600
11272.331390
 7243.813600
18157.876000
23082.955330
 8269.044000
 7731.427100
34806.467700
10096.970000
 2217.469150
 1534.304500
12925.886000
 4074.453700
12485.800900
 9193.838500
 3935.179900
 7147.472800
 8782.469000
15555.188750
 7740.337000
24520.264000
11082.577200
14382.709050
 8596.827800
 3877.304250
40941.285400
 1744.465000
36950.256700
12129.614150
17179.522000
46718.163250
11353.227600
 2322.621800
 4040.558250
 8026.666600
 5836.520400
46889.261200
27375.904780
 3925.758200
13224.693000
15230.324050
 2534.393750
 6551.750100
17560.379750
26467.097370
 5125.215700
10791.960000
 9504.310300
 2207.697450
10269.460000
12265.506900
 1880.070000
 5966.887400
10115.008850
33475.817150
 5478.036800
 8116.268850
 3490.549100
 7626.993000
 4149.736000
 5240.765000
11848.141000
 5472.449000
38709.176000
 8827.209900
15828.821730
 4504.662400
12032.326000
12950.071200
 2494.022000
 2154.361000
 1135.940700
22462.043750
 6593.508300
 7144.862650
12913.992400
 7228.215650
14451.835150
 3693.428000
 6198.751800
14001.133800
15170.069000
 1532.469700
 1629.833500
 1261.859000
23241.474530
 5662.225000
 1704.700150
17942.106000
10702.642400
 7265.702500
13635.637900
38511.628300
 8444.474000
37742.575700
 5354.074650
 9411.005000
 8515.758700
18259.216000
34439.855900
 7742.109800
60021.398970
14478.330150
 6948.700800
18608.262000
12928.791100
41034.221400
 3861.209650
11842.623750
48970.247600
 8442.667000
16455.707850
 8930.934550
20177.671130
 9617.662450
30166.618170
11837.160000
 1880.487000
 9863.471800
13204.285650
22218.114900
 1981.581900
 9304.701900
34472.841000
14283.459400
11881.358000
 8277.523000
39871.704300
44260.749900
 4686.388700
12146.971000
 1725.552300
18328.238100
34672.147200
 8347.164300
 4137.522700
 6600.205950
 8516.829000
 6610.109700
 5920.104100
 1712.227000
13974.455550
 2585.269000
 5325.651000
 8522.003000
42111.664700
14711.743800
48517.563150
30259.995560
47462.894000
 2597.779000
 8124.408400
32734.186300
 2416.955000
 4738.268200
 1137.469700
 8615.300000
 2155.681500
16776.304050
19515.541600
 4449.462000
 9058.730300
 5385.337900
35160.134570
11356.660900
 4234.927000
 9583.893300
14349.854400
 3176.287700
18223.451200
 1607.510100
 4719.736550
12094.478000
 3481.868000
43896.376300
13937.666500
40904.199500
18310.742000
 8240.589600
39722.746200
 5383.536000
 1832.094000
 4934.705000
 9861.025000
 6600.361000
 1702.455300
 5972.378000
44641.197400
 5855.902500
 7421.194550
 7804.160500
13607.368750
 5846.917600
 3847.674000
 9620.330700
48675.517700
11763.000900
 3268.846650
12982.874700
13405.390300
 2205.980800
 5615.369000
 3981.976800
 2721.320800
 6770.192500
 5438.749100
 4005.422500
37607.527700
35585.576000
11365.952000
 1743.214000
 4922.915900
11381.325400
11411.685000
 2045.685250
 2459.720100
 1141.445100
27941.287580
 4846.920150
20420.604650
 9541.695550
10848.134300
 4462.721800
12629.896700
10601.632250
 8520.026000
 3385.399150
 5377.457800
 8457.818000
 6311.952000
 3393.356350
43921.183700
10713.644000
13393.756000
 8627.541100
11187.656700
 1526.312000
10118.424000
10942.132050
 1674.632300
 4350.514400
10797.336200
 9957.721600
11396.900200
34828.654000
 3556.922300
15518.180250
10564.884500
 7986.475250
 3956.071450
 1627.282450
 4877.981050
 3056.388100
14394.398150
 1682.597000
20781.488920
 3392.976800
16577.779500
17663.144200
 6113.231050
 2026.974100
 7222.786250
 3989.841000
 5484.467300
21344.846700
 8059.679100
 3591.480000
11840.775050
27218.437250
42969.852700
 4747.052900
 5257.507950
 9634.538000
 6500.235900
47055.532100
 9563.029000
 6313.759000
39125.332250
 5709.164400
39774.276300
46661.442400
 5976.831100
 9414.920000
 1769.531650
23401.305750
 8551.347000
10214.636000
21348.706000
 9991.037650
 5138.256700
38344.566000
25382.297000
10107.220600
18838.703660
12105.320000
 1711.026800
25992.821040
28101.333050
 9722.769500
19539.243000
 3378.910000
13457.960800
23288.928400
22412.648500
 2689.495400
 7512.267000
 6653.788600
10370.912550
42303.692150
 2007.945000
22144.032000
 2842.760750
 4500.339250
 3021.809150
12430.953350
 2150.469000
12096.651200
24671.663340
 8280.622700
21232.182260
 1253.936000
 1515.344900
 9880.068000
19933.458000
 1149.395900
32548.340500
 6666.243000
17626.239510
18804.752400
 1906.358250
 3292.529850
 9630.397000
 1664.999600
46200.985100
 9872.701000
23967.383050
 8891.139500
 2457.502000
12029.286700
16586.497710
 4562.842100
 4536.259000
 7153.553900
 6775.961000
 5488.262000
13844.797200
37270.151200
 1748.774000
 5373.364250
36397.576000
10704.470000
 2257.475250
28923.136920
38282.749500
 5028.146600
 7731.857850
 1917.318400
34617.840650
11534.872650
 3645.089400
14001.286700
36085.219000
 2219.445100
 2899.489350
16657.717450
42856.838000
 8988.158750
 7152.671400
12233.828000
 3947.413100
34779.615000
 1136.399400
 4466.621400
19199.944000
10381.478700
 1737.376000
 5080.096000
21677.283450
22331.566800
13470.860000
47928.030000
16884.924000
 4753.636800
 7348.142000
 8547.691300
43254.417950
 8232.638800
12574.049000
 9377.904700
 9386.161300
13470.804400
47496.494450
11830.607200
 9549.565100
12797.209620
48173.361000
 9866.304850
36910.608030
12646.207000
 7371.772000
 8233.097500
12235.839200
 4571.413050
13126.677450
 7441.053000
 6548.195050
 6334.343550
 6571.024350
10806.839000
45008.955500
 4618.079900
 6184.299400
 2855.437550
47269.854000
36898.733080
 6203.901750
36149.483500
20709.020340
 3201.245150
 6686.431300
 4076.497000
24869.836800
 3761.292000
 2904.088000
 7935.291150
11253.421000
44585.455870
 2850.683750
 1621.340200
 2404.733800
18903.491410
13919.822900
11033.661700
30184.936700
24873.384900
36837.467000
43753.337050
24227.337240
11658.379150
 3044.213300
34838.873000
13143.336650
 1252.407000
23563.016180
 3972.924700
 4399.731000
 8023.135450
 5227.988750
18955.220170
10796.350250
 4151.028700
 4320.410850
 2395.171550
 6389.377850
14426.073850
33900.653000
12979.358000
 4646.759000
 6664.685950
27724.288750
24535.698550
 7345.726600
36219.405450
41661.602000
 2438.055200
20277.807510
47305.305000
 3558.620250
 2632.992000
16450.894700
15006.579450
11015.174700
 3279.868550
 8017.061150
14692.669350
10156.783200
 8671.191250
21595.382290
34166.273000
 8688.858850
 6067.126750
 4527.182950
25517.113630
 4931.647000
38415.474000
 7682.670000
 8162.716250
 2304.002200
 5246.047000
 2137.653600
18972.495000
 7050.021300
 9225.256400
45702.022350
36307.798300
 7441.501000
19040.876000
 7077.189400
19719.694700
26018.950520
 7726.854000
 3309.792600
 2134.901500
 6238.298000
32787.458590
12333.828000
13228.846950
 7162.012200
38711.000000
 1815.875900
46255.112500
10594.501550
 3172.018000
 2473.334100
11299.343000
24180.933500
11488.316950
 9222.402600
19521.968200
29330.983150
 6128.797450
 8539.671000
 4894.753300
19496.719170
 1634.573400
 3471.409600
 5375.038000
13462.520000
 6373.557350
33471.971890
 5400.980500
13047.332350
 2217.601200
44400.406400
 4518.826250
 8027.968000
 2117.338850
12815.444950
 6940.909850
 6186.127000
 8116.680000
24513.091260
 4296.271200
10825.253700
35595.589800
 1984.453300
39597.407200
 8798.593000
 5124.188700
 3353.284000
 6435.623700
 1719.436300
 4133.641650
 9290.139500
 4561.188500
44202.653600
63770.428010
 9869.810200
 8603.823400
 4827.904950
15612.193350
 7196.867000
37165.163800
 7160.094000
 7151.092000
 7639.417450
44501.398200
22478.600000
14210.535950
 3077.095500
 2250.835200
 2699.568350
 4779.602300
 2498.414400
10436.096000
 2803.697850
 3443.064000
11538.421000
 9875.680400
35147.528480
11987.168200
 7173.359950
10355.641000
 3353.470300
 6402.291350
11735.879050
 5245.226900
11737.848840
 4661.286350
26926.514400
12363.547000
12949.155400
 6079.671500
20462.997660
10577.087000
 1720.353700
 3238.435700
 1708.925750
 2221.564450
14119.620000
47291.055000
48824.450000
14988.432000
 5699.837500
13429.035400
17929.303370
 2198.189850
 9910.359850
 4544.234800
 1391.528700
 6652.528800
 7729.645750
14418.280400
20745.989100
46151.124500
28340.188850
39611.757700
 5693.430500
 8342.908750
 2138.070700
24106.912550
19361.998800
 2103.080000
 2755.020950
17468.983900
30284.642940
 7419.477900
 4402.233000
12557.605300
 3180.510100
 4391.652000
 7727.253200
24476.478510
 2585.850650
 2523.169500
 9877.607700
 8582.302300
 3906.127000
 2866.091000
11150.780000
 7046.722200
27346.042070
46130.526500
11085.586800
48673.558800
 6933.242250
 3756.621600
16138.762050
 6112.352950
30942.191800
 1980.070000
 4949.758700
38126.246500
 4189.113100
40720.551050
41949.244100
41676.081100
 4337.735200
10928.849000
12268.632250
10338.931600
 3704.354500
 7147.105000
 3943.595400
 3736.464700
19594.809650
18246.495500
13747.872350
11946.625900
 6338.075600
 5267.818150
11743.299000
13129.603450